


                            Training set:

         Feature 1  Feature 2  Feature 3   Feature 4  Feature 5  Feature 6   Feature 7

order 0  39.944320  39.944320  39.944320   39.944320  39.944320  39.944320   39.944320
order 1  13.438208  11.567149  14.341899    9.132138  31.749618  36.459844   26.101315
order 2  13.208958   9.745080  10.839424   24.425573  30.827367  36.383530   25.180145
order 3  11.805271  21.767361  17.111176   66.706473  30.761634  36.389330   25.180145
order 4  11.777384  85.804350  43.162070  132.121721  30.065167  36.394886   25.180145



                             Testing set:

          Feature 1   Feature 2   Feature 3   Feature 4   Feature 5   Feature 6   Feature 7

order 0  157.598451  157.598451  157.598451  157.598451  157.598451   157.598451 157.598451
order 1   74.158646   70.079284   73.838483   66.549022  132.633286   81.820398  110.108850
order 2   73.662864   64.459316   60.532497   97.781496  132.126069   66.428297  111.582986
order 3   68.684244   86.866043   81.018185  197.766618  133.311640   66.237755  111.582986
order 4   68.942570  238.677029  161.980681  369.995159  129.969456   66.161300  111.582986
